0.70530021190643
0.82962715625763
0.73176354169846
0.86713337898254
0.70698887109756
0.97711628675461
0.66591292619705
0.94468432664871
0.73723912239075
0.92385244369507
0.94194221496582
0.81780976057053
0.83194649219513
0.9836653470993
0.75965136289597
0.95269668102264
0.47494396567345
0.98571670055389
0.82805806398392
0.71607536077499
0.89412438869476
0.67338740825653
0.79763406515121
0.9262580871582
0.93643581867218
0.91244769096375
0.79298537969589
0.9796741604805
0.83521318435669
0.9776177406311
0.8781151175499
0.82618963718414
0.75645565986633
0.86506599187851
0.82442003488541
0.44535946846008
0.54591071605682
0.80840861797333
0.98526471853256
0.97501760721207
0.94667637348175
0.74084585905075
0.65582865476608
0.95083159208298
0.70631015300751
0.81528669595718
0.79864728450775
0.93524497747421
0.76450479030609
0.84231460094452
0.89858227968216
0.99301844835281
0.94394958019257
0.8066708445549
0.85933464765549
0.5732324719429
0.96775668859482
0.97797632217407
0.92164409160614
0.75992059707642
0.66034758090973
0.52455931901932
0.97441065311432
0.64155983924866
0.55828076601028
0.71411639451981
0.94646161794662
0.73021215200424
0.68535232543945
0.59782528877258
0.95229524374008
0.90089422464371
0.99661535024643
0.85491460561752
0.94573140144348
0.88773715496063
0.83018535375595
0.98664212226868
0.79081785678864
0.69989329576492
0.76166814565659
0.92943447828293
0.93439292907715
0.8804572224617
0.94753348827362
0.51985746622086
0.83452069759369
0.9821121096611
0.92947298288345
0.70736610889435
0.91271156072617
0.81629204750061
0.97060978412628
0.48352557420731
0.99215042591095
0.85623025894165
0.98556888103485
0.89247786998749
0.89658534526825
0.68454819917679
0.72028112411499
0.90902352333069
0.96845835447311
0.80194169282913
0.75167918205261
0.76435005664825
0.79696440696716
0.839291036129
0.75010395050049
0.95703172683716
0.93537664413452
0.94850444793701
0.93505901098251
0.91486126184464
0.72127467393875
0.94600576162338
0.77551156282425
0.90396565198898
0.97689002752304
0.89419412612915
0.75339365005493
0.55979079008102
0.75687080621719
0.62379628419876
0.70894122123718
0.65741103887558
0.92985194921494
0.84991788864136
0.87900394201279
0.66198998689651
0.94647175073624
0.94872415065765
0.93823999166489
0.98647665977478
0.85182917118073
0.98411422967911
0.72900325059891
0.62292575836182
0.94946306943893
0.81866389513016
0.96074169874191
0.86331391334534
0.95663928985596
0.77756345272064
0.84709274768829
0.85889506340027
0.8903135061264
0.60189509391785
0.98529446125031
0.86662870645523
0.6252863407135
0.53524953126907
0.97284919023514
0.59473979473114
0.87753361463547
0.96231979131699
0.71880173683167
0.67275351285934
0.95307391881943
0.87784618139267
0.55585122108459
0.99719315767288
0.26041692495346
0.66060250997543
0.48990207910538
0.95234715938568
0.93538063764572
0.77884459495544
0.98613065481186
0.8740194439888
0.97436445951462
0.56637364625931
0.93150109052658
0.43776443600655
0.89656090736389
0.81437253952026
0.65919190645218
0.74958127737045
0.98154836893082
0.90655201673508
0.80685710906982
0.99711352586746
0.79532134532928
0.89726734161377
0.87564581632614
0.97364223003387
0.90811681747437
0.92551815509796
0.96705335378647
0.84513533115387
0.99161785840988
0.98386496305466
0.9092703461647
0.34577071666718
0.96579241752625
0.91139382123947
0.85188752412796
0.84200656414032
0.88903760910034
0.97898977994919
0.84799909591675
0.91160118579865
0.95985805988312
0.97078496217728
0.67046236991882
0.91536229848862
0.97704350948334
0.96485495567322
0.90201956033707
0.85554593801498
0.97949349880219
0.87853175401688
0.71445649862289
0.76702517271042
0.96819674968719
0.9693757891655
0.93415117263794
0.95635962486267
0.82662165164948
0.93323290348053
0.67567360401154
0.9420520067215
0.98332178592682
0.77259832620621
0.58429181575775
0.60293054580688
0.72711998224258
0.39291498064995
0.74800848960876
0.91631102561951
0.77931034564972
0.7902193069458
0.97833973169327
0.24309022724628
0.86410707235336
0.83485639095306
0.95170390605927
0.51830822229385
0.78987258672714
0.73200654983521
0.67310285568237
0.83662486076355
0.74228459596634
0.60308116674423
0.97096085548401
0.90594387054443
0.89796751737595
0.9933757185936
0.89579153060913
0.85507845878601
0.86364752054214
0.94808757305145
0.86062812805176
0.88628083467484
0.78950554132462
0.87954646348953
0.88963711261749
0.85748189687729
0.87214213609695
0.91634315252304
0.91782158613205
0.94774258136749
0.84052675962448
0.88988399505615
0.85576397180557
0.96807277202606
0.88093876838684
0.98519724607468
0.9707995057106
0.87361431121826
0.9894112944603
0.42004010081291
0.97719150781631
0.95614635944366
0.76694703102112
0.89232909679413
0.99262243509293
0.4874270260334
0.82314449548721
0.88167786598206
0.95676338672638
0.93709075450897
0.73744285106659
0.76170027256012
0.67768949270248
0.8908805847168
0.89754140377045
0.91719824075699
0.95296287536621
0.88320815563202
0.87978917360306
0.89496159553528
0.80747675895691
0.98943936824799
0.51567721366882
0.8463191986084
0.96687299013138
0.86729484796524
0.99659693241119
0.98996824026108
0.99879634380341
0.89133447408676
0.8704981803894
0.90205055475235
0.7207179069519
0.922203540802
0.74185198545456
0.94330126047134
0.84519517421722
0.96604877710342
0.97468042373657
0.81160843372345
0.92962390184402
0.93507426977158
0.89228671789169
0.88506007194519
0.90853571891785
0.89326858520508
0.71273136138916
0.97271555662155
0.71393013000488
0.96568840742111
0.73140239715576
0.97835111618042
0.83815717697144
0.63719689846039
0.90105277299881
0.80041152238846
0.53487807512283
0.73183870315552
0.9871574640274
0.88034224510193
0.76025027036667
0.95291543006897
0.72625774145126
0.59964030981064
0.91538888216019
0.69067007303238
0.92284268140793
0.65739285945892
0.92917263507843
0.90441298484802
0.83070111274719
0.83650344610214
0.80391448736191
0.98987579345703
0.98842734098434
0.52504533529282
0.99210578203201
0.89517921209335
0.88554704189301
0.85725539922714
0.88870197534561
0.85839575529099
0.997250020504
0.93833714723587
0.89476776123047
0.9743555188179
0.9989407658577
0.61734306812286
0.94728541374207
0.89422154426575
0.79680371284485
0.94233185052872
0.77192634344101
0.79027438163757
0.91787451505661
0.91932713985443
0.92023754119873
0.73272806406021
0.8763992190361
0.80248802900314
0.92946761846542
0.68105888366699
0.97254151105881
0.86866718530655
0.95679461956024
0.63619464635849
0.47030380368233
0.70717340707779
0.93289935588837
0.7362032532692
0.5328334569931
0.56692153215408
0.93353378772736
0.34070095419884
0.93759566545486
0.99131554365158
0.97440415620804
0.86004048585892
0.43964758515358
0.92040598392487
0.96633905172348
0.94235044717789
0.99239373207092
0.82131677865982
0.99402952194214
0.76362007856369
0.81282699108124
0.79062473773956
0.72185611724854
0.94529974460602
0.65753608942032
0.70049619674683
0.99907332658768
0.9947469830513
0.91060829162598
0.85690397024155
0.93325704336166
0.868881046772
0.99013930559158
0.92363750934601
0.3704297542572
0.93543440103531
0.95730704069138
0.90510439872742
0.94292467832565
0.80383986234665
0.79462963342667
0.98949265480042
0.93853706121445
0.69364082813263
0.72750931978226
0.97312116622925
0.91907745599747
0.81170856952667
0.9347677230835
0.8104065656662
0.70619904994965
0.68584680557251
0.86144930124283
0.87827700376511
0.8665983080864
0.94003582000732
0.86586195230484
0.94463789463043
0.65877085924149
0.99539041519165
0.7314121723175
0.98754227161407
0.98520743846893
0.85584646463394
0.92165613174438
0.68646705150604
0.80659329891205
0.94343948364258
0.71744972467422
0.82558995485306
0.76531141996384
0.81650483608246
0.89239180088043
0.99960201978683
0.71552318334579
0.8359899520874
0.94912815093994
0.87302422523499
0.70249152183533
0.93276935815811
0.51192164421082
0.73048514127731
0.90212601423264
0.80912744998932
0.83963948488235
0.70421266555786
0.99831086397171
0.98364788293839
0.92799025774002
0.70835214853287
0.97027558088303
0.64006739854813
0.90300673246384
0.86792922019958
0.99319249391556
0.90630102157593
0.86844980716705
0.83299350738525
0.97075271606445
0.76913130283356
0.77126312255859
0.98109436035156
0.51230585575104
0.96218192577362
0.90000110864639
0.87193614244461
0.8721489906311
0.97659087181091
0.99379348754883
0.73765313625336
0.86240696907043
0.73341536521912
0.95291298627853
0.79729133844376
0.93743216991425
0.96056145429611
0.65258240699768
0.77788960933685
0.99322128295898
0.64589285850525
0.87370008230209
0.87005966901779
0.54342669248581
0.84512501955032
0.89954179525375
0.74062043428421
0.94712150096893
0.67467075586319
0.75889772176743
0.91398137807846
0.75662183761597
0.73809230327606
0.86352062225342
0.97376716136932
0.88844877481461
0.61310881376266
0.8451264500618
0.80632549524307
0.95302981138229
0.85541480779648
0.97303795814514
0.41287100315094
0.77553135156631
0.77802860736847
0.9357470870018
0.85544067621231
0.7316854596138
0.98626220226288
0.97726929187775
0.91789561510086
0.99223518371582
0.73236721754074
0.79115808010101
0.66449338197708
0.67255961894989
0.93330258131027
0.93065959215164
0.60321009159088
0.84819138050079
0.85690534114838
0.78314518928528
0.9944235086441
0.94186651706696
0.70197993516922
0.96647709608078
0.98968648910522
0.85918146371841
0.58434391021729
0.95816677808762
0.6996386051178
0.91899448633194
0.96768379211426
0.29060292243958
0.9000471830368
0.96749365329742
0.7695876955986
0.34139129519463
0.9075733423233
0.86946403980255
0.67561519145966
0.89583373069763
0.52523881196976
0.9508798122406
0.93367594480515
0.97878885269165
0.9771711230278
0.52714508771896
0.94971013069153
0.90648818016052
0.95052999258041
0.83895009756088
0.96676063537598
0.77036237716675
0.78003036975861
0.99234569072723
0.89706540107727
0.58635371923447
0.98082834482193
0.79487538337708
0.97282254695892
0.93476217985153
0.64881825447083
0.76724004745483
0.62807816267014
0.97704255580902
0.91439038515091
0.89636063575745
0.94092458486557
0.88446742296219
0.94035613536835
0.92401146888733
0.95742976665497
0.95363742113113
0.9364452958107
0.37791872024536
0.81034678220749
0.43022945523262
0.75010639429092
0.89975768327713
0.78650784492493
0.61777770519257
0.91003382205963
0.85442399978638
0.87988531589508
0.93643718957901
0.9460785984993
0.98901772499084
0.54405146837234
0.90748727321625
0.77615278959274
0.95528012514114
0.75337374210358
0.6206288933754
0.86957591772079
0.91950410604477
0.97927606105804
0.94433981180191
0.93266671895981
0.74948114156723
0.99705630540848
0.96971184015274
0.8886530995369
0.61087441444397
0.85444790124893
0.84500229358673
0.6251631975174
0.78375589847565
0.57029628753662
0.85629749298096
0.8504952788353
0.82527983188629
0.8644186258316
0.84744471311569
0.72721099853516
0.81967079639435
0.95315396785736
0.6852902173996
0.93581438064575
0.7964089512825
0.68786627054214
0.90639835596085
0.90786147117615
0.99766302108765
0.9887992143631
0.85098963975906
0.9173858165741
0.88969099521637
0.91689336299896
0.69234961271286
0.60585975646973
0.99154657125473
0.92992651462555
0.94027882814407
0.9691663980484
0.88914561271667
0.40064173936844
0.22682785987854
0.97371065616608
0.99885785579681
0.72299993038177
0.89283800125122
0.91052561998367
0.98426204919815
0.74501144886017
0.80705404281616
0.87329608201981
0.87709009647369
0.87694025039673
0.92840439081192
0.91769629716873
0.71924638748169
0.48767006397247
0.88285970687866
0.82167971134186
0.886021733284
0.89190173149109
0.71596038341522
0.74833381175995
0.80802810192108
0.97291523218155
0.91028481721878
0.92008602619171
0.94018441438675
0.81756788492203
0.91800105571747
0.9332520365715
0.98547005653381
0.85106068849564
0.98461228609085
0.80256289243698
0.97115975618362
0.80464714765549
0.81561636924744
0.91050827503204
0.97225874662399
0.66231465339661
0.47352978587151
0.62562042474747
0.9505832195282
0.58848243951797
0.95883017778397
0.79330742359161
0.99462032318115
0.65981125831604
0.91277760267258
0.88164961338043
0.85857433080673
0.91608822345734
0.68992757797241
0.95496064424515
0.92640119791031
0.92002564668655
0.35736924409866
0.92365288734436
0.848617374897
0.79905468225479
0.98608374595642
0.70953249931335
0.96563458442688
0.96798020601273
0.31583049893379
0.68520748615265
0.68183982372284
0.76962167024612
0.71569854021072
0.98685455322266
0.84898656606674
0.81881844997406
0.92091369628906
0.84627056121826
0.93444979190826
0.87948483228683
0.7058492898941
0.97340023517609
0.8671093583107
0.75348085165024
0.84095358848572
0.82432007789612
0.92824572324753
0.86010855436325
0.82476031780243
0.71011865139008
0.52209603786469
0.92936772108078
0.66570121049881
0.66830432415009
0.86871886253357
0.93862706422806
0.86402142047882
0.78122293949127
0.9810044169426
0.93674176931381
0.97622972726822
0.89054393768311
0.91492760181427
0.74811846017838
0.97539472579956
0.77582991123199
0.87512403726578
0.95211207866669
0.99520170688629
0.96962469816208
0.74649119377136
0.92916285991669
0.97997736930847
0.90291428565979
0.89453935623169
0.89236176013947
0.7251780629158
0.7346128821373
0.83027082681656
0.89949178695679
0.94125020503998
0.93422174453735
0.98825085163116
0.99790585041046
0.87717360258102
0.69089406728745
0.95502954721451
0.83691692352295
0.49873918294907
0.87407875061035
0.69217967987061
0.99489164352417
0.99563634395599
0.65917855501175
0.66510027647018
0.63756972551346
0.91767799854279
0.49526959657669
0.97644734382629
0.91484844684601
0.80862879753113
0.93068325519562
0.79275190830231
0.65374219417572
0.48789697885513
0.85091054439545
0.87622398138046
0.96981072425842
0.97006887197495
0.8358736038208
0.97411733865738
0.76027369499207
0.84702008962631
0.84856873750687
0.68660765886307
0.98254162073135
0.63567358255386
0.92149245738983
0.97737288475037
0.9936438202858
0.53670984506607
0.89484536647797
0.68048721551895
0.78717118501663
0.9272580742836
0.80612987279892
0.72761422395706
0.97561103105545
0.61385971307755
0.7811364531517
0.90820229053497
0.63689637184143
0.54275524616241
0.70548522472382
0.7952983379364
0.79377108812332
0.99007421731949
0.48474982380867
0.9668892621994
0.62921762466431
0.85092550516129
0.94590532779694
0.5701110959053
0.99258118867874
0.63292646408081
0.97295618057251
0.87989139556885
0.74678736925125
0.9467790722847
0.60785663127899
0.974629342556
0.75636857748032
0.99136734008789
0.92253631353378
0.97000938653946
0.77855539321899
0.94223088026047
0.58657157421112
0.86532610654831
0.3885555267334
0.91359680891037
0.89018887281418
0.90027970075607
0.50042670965195
0.97764647006989
0.86002045869827
0.94785541296005
0.8936448097229
0.88495624065399
0.83988398313522
0.7909294962883
0.65494626760483
0.55982542037964
0.9665778875351
0.61160224676132
0.85730707645416
0.91979956626892
0.93897289037704
0.90259093046188
0.93042087554932
0.66564530134201
0.68928581476212
0.43153637647629
0.85183721780777
0.80529916286469
0.83918237686157
0.90211588144302
0.57032710313797
0.54148286581039
0.90769934654236
0.61130976676941
0.64483571052551
0.93570983409882
0.68882828950882
0.55518597364426
0.90538400411606
0.98108458518982
0.96445405483246
0.83976638317108
0.99571126699448
0.91115134954453
0.64242249727249
0.93126881122589
0.53029215335846
0.95799213647842
0.93041056394577
0.98107415437698
0.74278557300568
0.99534577131271
0.91302537918091
0.95266723632812
0.68400245904922
0.99921828508377
0.88083410263062
0.89844834804535
0.73402887582779
0.6461386680603
0.94046497344971
0.96357434988022
0.93595206737518
0.97078466415405
0.80419373512268
0.64305400848389
0.91974723339081
0.99393671751022
0.79070311784744
0.9695508480072
0.97434222698212
0.64953148365021
0.72407603263855
0.97633975744247
0.73268818855286
0.98747187852859
0.87989413738251
0.84987699985504
0.8079326748848
0.81849050521851
0.67910015583038
0.9287571310997
0.81285667419434
0.74061739444733
0.85231387615204
0.6997230052948
0.92334216833115
0.97587782144547
0.77763783931732
0.79499018192291
0.86442410945892
0.97173517942429
0.88761848211288
0.91161948442459
0.70468926429749
0.76994264125824
0.76347517967224
0.87426578998566
0.98543453216553
0.95882052183151
0.90362137556076
0.51426136493683
0.94182682037354
0.93853825330734
0.96814638376236
0.84329825639725
0.95685029029846
0.92201924324036
0.9049619436264
0.78828990459442
0.78489619493484
0.94468832015991
0.98079115152359
0.80874252319336
0.87059837579727
0.9502317905426
0.41240376234055
0.98689860105515
0.81985366344452
0.47227296233177
0.73695570230484
0.62648063898087
0.96672260761261
0.86531871557236
0.97582703828812
0.88892704248428
0.70701265335083
0.75860893726349
0.80070000886917
0.8020253777504
0.73540991544724
0.86051577329636
0.77698051929474
0.99087059497833
0.94230544567108
0.82406902313232
0.90634256601334
0.93804168701172
0.83102339506149
0.82648414373398
0.78338479995728
0.85880869626999
0.59350377321243
0.85678195953369
0.86219024658203
0.91419124603271
0.97692638635635
0.72071975469589
0.89982235431671
0.85935634374619
0.93346673250198
0.9874729514122
0.70990562438965
